252
179.251999
178.133499
180.104996
177.382004
178.175003
177.250000
173.000000
172.750000
169.649994
174.600006
176.150497
175.750000
175.417007
172.000000
167.550003
168.598007
173.368500
167.710495
166.850006
167.850494
169.270004
170.427994
171.037003
170.182495
170.839996
169.699997
168.955994
167.550003
170.438004
166.882996
163.450500
163.839005
160.585495
161.500000
166.574997
165.250504
160.149994
159.104996
158.761993
156.766006
149.949997
139.000000
142.242493
144.750000
140.800003
140.860504
144.750000
150.000000
155.050507
141.737503
155.606506
158.520004
156.750504
162.873505
158.350006
158.134506
151.751007
157.605499
155.790497
158.145996
155.499496
150.478500
151.650497
139.837494
150.550003
152.425003
152.732498
150.848999
153.531494
147.158997
145.443497
136.683502
139.500000
145.684998
149.574493
145.981003
142.850006
148.500000
152.640503
156.813004
161.121002
161.805496
163.705002
163.749496
164.000000
164.975006
170.384003
168.509506
166.445007
164.149506
164.125000
167.741501
161.650497
158.399994
156.750000
152.712997
153.692505
150.018494
155.389999
151.523499
152.029495
157.602493
154.714005
148.250000
144.022995
144.800003
140.191498
142.177994
129.848999
122.401001
124.053497
123.599998
123.000000
114.849998
111.312500
111.250000
108.103500
102.750000
109.069000
113.099998
113.275002
111.439499
106.280502
109.568497
108.460999
104.025002
103.655502
107.970001
113.550003
116.279999
122.255997
121.683998
124.199997
125.250000
122.010002
122.610001
119.989998
113.419998
104.190002
104.190002
103.860001
104.470001
102.800003
108.199997
107.430000
110.389999
112.379997
117.089996
113.500000
107.379997
108.110001
106.290001
107.599998
113.209999
113.849998
114.599998
114.080002
112.160004
107.029999
110.239998
112.500000
115.000000
115.699997
118.620003
123.199997
125.010002
122.699997
115.790001
117.309998
121.570000
134.899994
134.960007
134.720001
136.210007
140.580002
140.100006
142.050003
138.050003
142.899994
143.860001
142.050003
142.800003
143.910004
142.690002
141.320007
140.470001
135.720001
133.410004
132.750000
135.259995
136.550003
129.899994
131.250000
129.449997
126.000000
129.500000
127.919998
126.120003
127.720001
130.910004
134.100006
131.009995
127.360001
127.379997
122.779999
122.160004
123.349998
122.489998
117.080002
116.000000
113.300003
117.199997
114.379997
115.599998
114.080002
113.580002
119.889999
118.580002
120.769997
118.000000
115.099998
112.709999
112.489998
107.879997
114.099998
110.110001
119.059998
114.709999
113.830002
114.790001
119.980003
119.650002
116.000000
113.919998
97.910004
103.559998
103.989998
97.320000
92.470001
91.489998
91.949997
90.790001
89.470001
92.940002
97.879997
98.769997
103.209999
96.849998
95.370003
95.949997
93.970001
92.620003

